GradientBoostingClassifier
 ------------------------------

              precision    recall  f1-score   support

           0       0.49      0.81      0.61       154
           1       0.90      0.81      0.85       165
           2       0.95      0.73      0.82       167
           3       0.78      0.69      0.73       157
           4       0.68      0.56      0.61       158

    accuracy                           0.72       801
   macro avg       0.76      0.72      0.73       801
weighted avg       0.76      0.72      0.73       801

Accuracy: 71.91011235955057%
[[125   4   0  10  15]
 [ 23 133   0   3   6]
 [ 21   2 122   7  15]
 [ 38   2   4 108   5]
 [ 50   7   3  10  88]]
Decision Tree
 ------------------------------
              precision    recall  f1-score   support

           0       0.27      0.98      0.43       154
           1       0.95      0.50      0.65       165
           2       0.91      0.46      0.61       167
           3       0.85      0.38      0.53       157
           4       0.83      0.03      0.06       158

    accuracy                           0.47       801
   macro avg       0.76      0.47      0.46       801
weighted avg       0.77      0.47      0.46       801

Accuracy: 46.81647940074906%
[[151   0   3   0   0]
 [ 74  82   4   4   1]
 [ 88   2  77   0   0]
 [ 96   0   1  60   0]
 [144   2   0   7   5]]
Random Forest
 ------------------------------
              precision    recall  f1-score   support

           0       0.20      0.22      0.21       154
           1       0.21      0.19      0.20       165
           2       0.23      0.19      0.20       167
           3       0.20      0.19      0.20       157
           4       0.16      0.20      0.18       158

    accuracy                           0.20       801
   macro avg       0.20      0.20      0.20       801
weighted avg       0.20      0.20      0.20       801

Accuracy: 19.850187265917604%
[[34 28 22 28 42]
 [29 32 25 33 46]
 [29 30 31 39 38]
 [33 25 29 30 40]
 [43 35 29 19 32]]
Neural Net
 ------------------------------
              precision    recall  f1-score   support

           0       0.32      0.36      0.34       154
           1       0.68      0.59      0.63       165
           2       0.66      0.47      0.55       167
           3       0.50      0.46      0.48       157
           4       0.28      0.39      0.33       158

    accuracy                           0.46       801
   macro avg       0.49      0.45      0.46       801
weighted avg       0.49      0.46      0.47       801

Accuracy: 45.56803995006242%
[[55 14 12 22 51]
 [19 97  3 10 36]
 [27  6 78 15 41]
 [33  6 14 73 31]
 [39 19 11 27 62]]
 AdaBoost
 ------------------------------
              precision    recall  f1-score   support

           0       0.43      0.81      0.56       154
           1       0.60      0.56      0.58       165
           2       0.58      0.60      0.59       167
           3       0.67      0.26      0.38       157
           4       0.44      0.33      0.38       158

    accuracy                           0.51       801
   macro avg       0.54      0.51      0.50       801
weighted avg       0.54      0.51      0.50       801

Accuracy: 51.31086142322098%
[[125   7   4   6  12]
 [ 19  92  24   3  27]
 [ 29  26 101   5   6]
 [ 55   6  34  41  21]
 [ 66  23  11   6  52]]

 Test accuracy: 0.822000